6
0 10 3115 3276 8 94
10 0 3125 3286 2 104
3115 3125 0 161 3123 3021
3276 3286 161 0 3284 3182
8 2 3123 3284 0 102
94 104 3021 3182 102 0
